app,popularity
Metomic,5
Seers,30
eucookie.eu,51
CookieYes,83
Uniconsent,136
Termly,659
CookieHub,766
Cookie Script,1878
CIVIC,2316
TrustArc,3899
Crownpeak,5783
Didomi,14830
Iubenda,18997
OneTrust,28875
Cookiebot,32913
Quantcast Choice,71333
Osano,114240
